image_width: 1440
image_height: 1080
camera_name: hik_camera
camera_matrix:
  rows: 3
  cols: 3
  data: [1860.4888723118465, 0.0, 719.5960871112729, 0.0, 1858.5894748036155, 548.043672810284,
    0.0, 0.0, 1.0]
distortion_model: plumb_bob
distortion_coefficients:
  rows: 1
  cols: 5
  data: [-0.08780182670154964, 0.1255918479864567, 0.00030988753077730195, 0.00026114363457389037,
    0.1389735577947259]
rectification_matrix:
  rows: 3
  cols: 3
  data: [1.0, 0.0, 0.0, 0.0, 1.0, 0.0, 0.0, 0.0, 1.0]
projection_matrix:
  rows: 3
  cols: 4
  data: [1860.4888723118465, 0.0, 719.5960871112729, 0.0, 0.0, 1858.5894748036155,
    548.043672810284, 0.0, 0.0, 0.0, 1.0, 0.0]
